[print-page-setup]
PPDName=A4
DisplayName=A4
Width=210
Height=297
MarginTop=4.4097222222222214
MarginBottom=4.4097222222222214
MarginLeft=4.4097222222222214
MarginRight=4.4097222222222214
Orientation=landscape
